epoch,train_loss,valid_loss,accuracy_multi,fbeta_score,time
0,0.8074839115142822,0.6415631771087646,0.879807710647583,0.5984963554466101,03:59
1,0.643678605556488,0.4054568409919739,0.9141483306884766,0.6133936764404505,03:48
2,0.49992692470550537,0.2596934735774994,0.9306318759918213,0.7160479538429576,03:44
3,0.3998793959617615,0.22238647937774658,0.9416208863258362,0.7245358617288098,03:45
4,0.33212098479270935,0.20493042469024658,0.9450549483299255,0.7050395245505342,03:45
5,0.292319655418396,0.18170645833015442,0.9450549483299255,0.7397389162040399,03:45
6,0.2540685832500458,0.16900573670864105,0.9539835453033447,0.7415117786211536,03:54
7,0.22491632401943207,0.14208492636680603,0.9532967209815979,0.7755176149593658,03:51
8,0.1969076693058014,0.150985985994339,0.9539835453033447,0.7451164504083923,03:51
9,0.1762416511774063,0.14856015145778656,0.9532967209815979,0.7543000668392867,03:42
10,0.17284253239631653,0.15087778866291046,0.9574176073074341,0.7215901883379653,03:43
11,0.16053278744220734,0.14012761414051056,0.9567307829856873,0.7271127786587873,03:54
